Student Id,Nmae,Subject 1,subject 2,subject 3,Total Marks ,Percentage
1,Aryan ,94,65,87,246,82
2,Akash,94,94,78,266,88.66666667
3,Arav,94,48,58,200,66.66666667
4,Ahan ,85,85,58,228,76
5,Aashish,95,95,58,248,82.66666667
6,Amar,94,58,47,199,66.33333333
7,anshunam,47,94,94,235,78.33333333
8,Aryan ,94,85,94,273,91
9,Akash,76,94,47,217,72.33333333
10,Arav,94,94,58,246,82
11,Ahan ,94,85,85,264,88
12,Aashish,85,58,58,201,67
13,Amar,47,85,47,179,59.66666667
14,anshunam,58,96,58,212,70.66666667
15,Aryan ,77,58,58,193,64.33333333
16,Akash,58,47,58,163,54.33333333
17,Arav,58,94,85,237,79
18,Ahan ,85,58,58,201,67
19,Aashish,58,85,47,190,63.33333333
20,Amar,85,85,98,268,89.33333333
21,anshunam,58,85,85,228,76
